x	V(out)
0.000000000000000e+00	9.635477e-01
1.000000000000000e+00	1.033501e+00
2.000000000000000e+00	1.046887e+00
3.000000000000000e+00	9.721034e-01
4.000000000000000e+00	9.808167e-01
5.000000000000000e+00	1.004722e+00
6.000000000000000e+00	9.688382e-01
7.000000000000000e+00	1.049288e+00
8.000000000000000e+00	1.049646e+00
9.000000000000000e+00	1.046769e+00
1.000000000000000e+01	1.022584e+00
1.100000000000000e+01	1.048111e+00
1.200000000000000e+01	9.609862e-01
1.300000000000000e+01	1.029811e+00
1.400000000000000e+01	9.797029e-01
1.500000000000000e+01	9.504784e-01
1.600000000000000e+01	9.612464e-01
1.700000000000000e+01	1.013976e+00
1.800000000000000e+01	1.037843e+00
1.900000000000000e+01	1.000366e+00
2.000000000000000e+01	1.029793e+00
2.100000000000000e+01	9.861294e-01
2.200000000000000e+01	9.711924e-01
2.300000000000000e+01	1.018136e+00
2.400000000000000e+01	9.898738e-01
2.500000000000000e+01	1.024065e+00
2.600000000000000e+01	9.974759e-01
2.700000000000000e+01	9.922088e-01
2.800000000000000e+01	9.673865e-01
2.900000000000000e+01	9.801913e-01
3.000000000000000e+01	1.029728e+00
3.100000000000000e+01	9.816551e-01
3.200000000000000e+01	1.037243e+00
3.300000000000000e+01	9.649114e-01
3.400000000000000e+01	1.049407e+00
3.500000000000000e+01	1.032190e+00
3.600000000000000e+01	9.625183e-01
3.700000000000000e+01	1.026375e+00
3.800000000000000e+01	9.990589e-01
3.900000000000000e+01	1.016361e+00
4.000000000000000e+01	9.625897e-01
4.100000000000000e+01	9.710209e-01
4.200000000000000e+01	9.551216e-01
4.300000000000000e+01	9.536441e-01
4.400000000000000e+01	9.908731e-01
4.500000000000000e+01	9.957989e-01
4.600000000000000e+01	9.987569e-01
4.700000000000000e+01	1.029397e+00
4.800000000000000e+01	1.042087e+00
4.900000000000000e+01	1.030753e+00
5.000000000000000e+01	1.020577e+00
5.100000000000000e+01	9.502819e-01
5.200000000000000e+01	1.021070e+00
5.300000000000000e+01	1.014396e+00
5.400000000000000e+01	9.956033e-01
5.500000000000000e+01	1.027392e+00
5.600000000000000e+01	1.007375e+00
5.700000000000000e+01	1.037676e+00
5.800000000000000e+01	1.030818e+00
5.900000000000000e+01	9.517774e-01
6.000000000000000e+01	1.032125e+00
6.100000000000000e+01	1.032084e+00
6.200000000000000e+01	1.044007e+00
6.300000000000000e+01	9.912667e-01
6.400000000000000e+01	9.923165e-01
6.500000000000000e+01	1.008096e+00
6.600000000000000e+01	9.658058e-01
6.700000000000000e+01	1.026173e+00
6.800000000000000e+01	9.730156e-01
6.900000000000000e+01	1.030973e+00
7.000000000000000e+01	1.048852e+00
7.100000000000000e+01	9.832448e-01
7.200000000000000e+01	9.799832e-01
7.300000000000000e+01	9.513539e-01
7.400000000000000e+01	9.717238e-01
7.500000000000000e+01	1.040736e+00
7.600000000000000e+01	1.034847e+00
7.700000000000000e+01	1.045502e+00
7.800000000000000e+01	1.027890e+00
7.900000000000000e+01	1.048746e+00
8.000000000000000e+01	9.567595e-01
8.100000000000000e+01	1.029360e+00
8.200000000000000e+01	1.009450e+00
8.300000000000000e+01	1.023280e+00
8.400000000000000e+01	1.019523e+00
8.500000000000000e+01	1.017982e+00
8.600000000000000e+01	9.892321e-01
8.700000000000000e+01	1.006156e+00
8.800000000000000e+01	9.708068e-01
8.900000000000000e+01	1.002737e+00
9.000000000000000e+01	9.904209e-01
9.100000000000000e+01	9.852762e-01
9.200000000000000e+01	1.009282e+00
9.300000000000000e+01	9.856345e-01
9.400000000000000e+01	1.046497e+00
9.500000000000000e+01	9.654438e-01
9.600000000000000e+01	9.894908e-01
9.700000000000000e+01	9.887296e-01
9.800000000000000e+01	1.022695e+00
9.900000000000000e+01	9.888570e-01
1.000000000000000e+02	1.042749e+00
1.010000000000000e+02	9.936118e-01
1.020000000000000e+02	1.036268e+00
1.030000000000000e+02	1.012036e+00
1.040000000000000e+02	9.619547e-01
1.050000000000000e+02	9.971957e-01
1.060000000000000e+02	9.840220e-01
1.070000000000000e+02	1.002984e+00
1.080000000000000e+02	1.021610e+00
1.090000000000000e+02	1.048838e+00
1.100000000000000e+02	1.022049e+00
1.110000000000000e+02	1.041258e+00
1.120000000000000e+02	1.000550e+00
1.130000000000000e+02	1.005827e+00
1.140000000000000e+02	1.000319e+00
1.150000000000000e+02	9.962474e-01
1.160000000000000e+02	1.004659e+00
1.170000000000000e+02	9.947584e-01
1.180000000000000e+02	1.035445e+00
1.190000000000000e+02	1.010423e+00
1.200000000000000e+02	9.998544e-01
1.210000000000000e+02	1.047993e+00
1.220000000000000e+02	9.534317e-01
1.230000000000000e+02	1.047700e+00
1.240000000000000e+02	9.863186e-01
1.250000000000000e+02	1.017952e+00
1.260000000000000e+02	9.846233e-01
1.270000000000000e+02	1.035588e+00
1.280000000000000e+02	9.545060e-01
1.290000000000000e+02	1.016012e+00
1.300000000000000e+02	1.024994e+00
1.310000000000000e+02	9.632996e-01
1.320000000000000e+02	1.048236e+00
1.330000000000000e+02	9.595355e-01
1.340000000000000e+02	9.782673e-01
1.350000000000000e+02	1.030211e+00
1.360000000000000e+02	9.577557e-01
1.370000000000000e+02	1.012738e+00
1.380000000000000e+02	9.508094e-01
1.390000000000000e+02	1.018029e+00
1.400000000000000e+02	1.003393e+00
1.410000000000000e+02	9.938667e-01
1.420000000000000e+02	9.699551e-01
1.430000000000000e+02	9.638001e-01
1.440000000000000e+02	9.882333e-01
1.450000000000000e+02	1.026242e+00
1.460000000000000e+02	9.540471e-01
1.470000000000000e+02	9.752956e-01
1.480000000000000e+02	1.000477e+00
1.490000000000000e+02	1.032261e+00
1.500000000000000e+02	1.048172e+00
1.510000000000000e+02	1.032346e+00
1.520000000000000e+02	9.801827e-01
1.530000000000000e+02	9.547944e-01
1.540000000000000e+02	9.747847e-01
1.550000000000000e+02	1.004406e+00
1.560000000000000e+02	1.038773e+00
1.570000000000000e+02	9.843839e-01
1.580000000000000e+02	9.533269e-01
1.590000000000000e+02	9.662872e-01
1.600000000000000e+02	1.037736e+00
1.610000000000000e+02	9.710302e-01
1.620000000000000e+02	9.772753e-01
1.630000000000000e+02	9.992442e-01
1.640000000000000e+02	9.723420e-01
1.650000000000000e+02	9.990302e-01
1.660000000000000e+02	1.045494e+00
1.670000000000000e+02	1.015197e+00
1.680000000000000e+02	1.025750e+00
1.690000000000000e+02	9.935246e-01
1.700000000000000e+02	1.005288e+00
1.710000000000000e+02	9.553152e-01
1.720000000000000e+02	9.822510e-01
1.730000000000000e+02	9.904981e-01
1.740000000000000e+02	1.040843e+00
1.750000000000000e+02	1.030914e+00
1.760000000000000e+02	9.758296e-01
1.770000000000000e+02	9.629847e-01
1.780000000000000e+02	9.993327e-01
1.790000000000000e+02	9.878501e-01
1.800000000000000e+02	1.021847e+00
1.810000000000000e+02	9.787805e-01
1.820000000000000e+02	1.012344e+00
1.830000000000000e+02	1.031187e+00
1.840000000000000e+02	9.812508e-01
1.850000000000000e+02	9.885710e-01
1.860000000000000e+02	9.843930e-01
1.870000000000000e+02	1.031577e+00
1.880000000000000e+02	1.016929e+00
1.890000000000000e+02	9.879419e-01
1.900000000000000e+02	9.958497e-01
1.910000000000000e+02	9.803614e-01
1.920000000000000e+02	1.041057e+00
1.930000000000000e+02	9.988618e-01
1.940000000000000e+02	1.025579e+00
1.950000000000000e+02	9.608062e-01
1.960000000000000e+02	9.893590e-01
1.970000000000000e+02	1.037019e+00
1.980000000000000e+02	9.860861e-01
1.990000000000000e+02	1.041712e+00
2.000000000000000e+02	1.004381e+00
2.010000000000000e+02	9.640144e-01
2.020000000000000e+02	9.699873e-01
2.030000000000000e+02	1.044893e+00
2.040000000000000e+02	1.049011e+00
2.050000000000000e+02	9.740076e-01
2.060000000000000e+02	9.516521e-01
2.070000000000000e+02	9.888615e-01
2.080000000000000e+02	1.027969e+00
2.090000000000000e+02	9.976638e-01
2.100000000000000e+02	1.004014e+00
2.110000000000000e+02	9.518451e-01
2.120000000000000e+02	1.040018e+00
2.130000000000000e+02	9.694495e-01
2.140000000000000e+02	1.038600e+00
2.150000000000000e+02	9.941223e-01
2.160000000000000e+02	9.647829e-01
2.170000000000000e+02	9.739503e-01
2.180000000000000e+02	1.029965e+00
2.190000000000000e+02	9.973015e-01
2.200000000000000e+02	9.589823e-01
2.210000000000000e+02	1.014455e+00
2.220000000000000e+02	1.013306e+00
2.230000000000000e+02	1.008438e+00
2.240000000000000e+02	1.022665e+00
2.250000000000000e+02	9.854638e-01
2.260000000000000e+02	1.018041e+00
2.270000000000000e+02	1.020732e+00
2.280000000000000e+02	9.662328e-01
2.290000000000000e+02	9.633737e-01
2.300000000000000e+02	9.949556e-01
2.310000000000000e+02	9.542054e-01
2.320000000000000e+02	1.029736e+00
2.330000000000000e+02	9.667556e-01
2.340000000000000e+02	1.033121e+00
2.350000000000000e+02	9.824964e-01
2.360000000000000e+02	1.015578e+00
2.370000000000000e+02	9.920190e-01
2.380000000000000e+02	1.028191e+00
2.390000000000000e+02	9.613193e-01
2.400000000000000e+02	1.049353e+00
2.410000000000000e+02	9.681573e-01
2.420000000000000e+02	1.026293e+00
2.430000000000000e+02	9.765921e-01
2.440000000000000e+02	9.744138e-01
2.450000000000000e+02	9.600738e-01
2.460000000000000e+02	9.844328e-01
2.470000000000000e+02	9.781627e-01
2.480000000000000e+02	1.046864e+00
2.490000000000000e+02	9.713773e-01
2.500000000000000e+02	1.010593e+00
2.510000000000000e+02	9.726551e-01
2.520000000000000e+02	9.689906e-01
2.530000000000000e+02	9.901571e-01
2.540000000000000e+02	9.913291e-01
2.550000000000000e+02	9.670152e-01
2.560000000000000e+02	9.799052e-01
2.570000000000000e+02	1.013647e+00
2.580000000000000e+02	9.651574e-01
2.590000000000000e+02	1.026924e+00
2.600000000000000e+02	1.038397e+00
2.610000000000000e+02	1.045922e+00
2.620000000000000e+02	9.518066e-01
2.630000000000000e+02	1.008285e+00
2.640000000000000e+02	1.026685e+00
2.650000000000000e+02	9.827798e-01
2.660000000000000e+02	9.629066e-01
2.670000000000000e+02	9.791961e-01
2.680000000000000e+02	1.034711e+00
2.690000000000000e+02	9.730765e-01
2.700000000000000e+02	1.000197e+00
2.710000000000000e+02	9.501598e-01
2.720000000000000e+02	9.512539e-01
2.730000000000000e+02	9.786587e-01
2.740000000000000e+02	9.598699e-01
2.750000000000000e+02	9.884755e-01
2.760000000000000e+02	9.855348e-01
2.770000000000000e+02	1.021997e+00
2.780000000000000e+02	9.565445e-01
2.790000000000000e+02	1.001386e+00
2.800000000000000e+02	9.923978e-01
2.810000000000000e+02	1.018980e+00
2.820000000000000e+02	9.753943e-01
2.830000000000000e+02	9.901519e-01
2.840000000000000e+02	9.764476e-01
2.850000000000000e+02	1.043425e+00
2.860000000000000e+02	9.972525e-01
2.870000000000000e+02	1.011092e+00
2.880000000000000e+02	9.988402e-01
2.890000000000000e+02	1.001452e+00
2.900000000000000e+02	9.745019e-01
2.910000000000000e+02	9.833005e-01
2.920000000000000e+02	1.000236e+00
2.930000000000000e+02	1.009606e+00
2.940000000000000e+02	9.810156e-01
2.950000000000000e+02	1.046300e+00
2.960000000000000e+02	9.732400e-01
2.970000000000000e+02	1.024690e+00
2.980000000000000e+02	9.822533e-01
2.990000000000000e+02	9.818232e-01
3.000000000000000e+02	1.045247e+00
3.010000000000000e+02	1.003472e+00
3.020000000000000e+02	1.037181e+00
3.030000000000000e+02	1.043460e+00
3.040000000000000e+02	1.016711e+00
3.050000000000000e+02	9.789689e-01
3.060000000000000e+02	9.565524e-01
3.070000000000000e+02	9.731889e-01
3.080000000000000e+02	1.020472e+00
3.090000000000000e+02	9.695107e-01
3.100000000000000e+02	9.922218e-01
3.110000000000000e+02	1.043605e+00
3.120000000000000e+02	9.642217e-01
3.130000000000000e+02	1.014318e+00
3.140000000000000e+02	9.972732e-01
3.150000000000000e+02	9.936933e-01
3.160000000000000e+02	9.744320e-01
3.170000000000000e+02	1.000592e+00
3.180000000000000e+02	1.040694e+00
3.190000000000000e+02	9.576504e-01
3.200000000000000e+02	1.021390e+00
3.210000000000000e+02	1.011721e+00
3.220000000000000e+02	9.689084e-01
3.230000000000000e+02	9.896982e-01
3.240000000000000e+02	9.777664e-01
3.250000000000000e+02	1.035810e+00
3.260000000000000e+02	1.040894e+00
3.270000000000000e+02	1.011728e+00
3.280000000000000e+02	9.680819e-01
3.290000000000000e+02	1.001502e+00
3.300000000000000e+02	1.032463e+00
3.310000000000000e+02	9.859325e-01
3.320000000000000e+02	1.031612e+00
3.330000000000000e+02	9.793388e-01
3.340000000000000e+02	9.672118e-01
3.350000000000000e+02	9.992790e-01
3.360000000000000e+02	9.695325e-01
3.370000000000000e+02	1.036431e+00
3.380000000000000e+02	9.704197e-01
3.390000000000000e+02	1.011627e+00
3.400000000000000e+02	1.037805e+00
3.410000000000000e+02	9.892469e-01
3.420000000000000e+02	1.044658e+00
3.430000000000000e+02	9.666698e-01
3.440000000000000e+02	1.047188e+00
3.450000000000000e+02	1.006397e+00
3.460000000000000e+02	1.009837e+00
3.470000000000000e+02	9.631222e-01
3.480000000000000e+02	1.006678e+00
3.490000000000000e+02	1.005438e+00
3.500000000000000e+02	9.810490e-01
3.510000000000000e+02	9.620649e-01
3.520000000000000e+02	1.023779e+00
3.530000000000000e+02	9.742724e-01
3.540000000000000e+02	1.032286e+00
3.550000000000000e+02	9.685476e-01
3.560000000000000e+02	9.812677e-01
3.570000000000000e+02	1.038172e+00
3.580000000000000e+02	1.017421e+00
3.590000000000000e+02	1.023930e+00
3.600000000000000e+02	9.562543e-01
3.610000000000000e+02	9.631562e-01
3.620000000000000e+02	9.589953e-01
3.630000000000000e+02	9.508315e-01
3.640000000000000e+02	9.956511e-01
3.650000000000000e+02	1.013430e+00
3.660000000000000e+02	1.002976e+00
3.670000000000000e+02	9.997869e-01
3.680000000000000e+02	9.835798e-01
3.690000000000000e+02	9.752823e-01
3.700000000000000e+02	9.733676e-01
3.710000000000000e+02	9.673163e-01
3.720000000000000e+02	1.009598e+00
3.730000000000000e+02	1.022689e+00
3.740000000000000e+02	1.037757e+00
3.750000000000000e+02	1.020716e+00
3.760000000000000e+02	9.734766e-01
3.770000000000000e+02	9.977996e-01
3.780000000000000e+02	9.518211e-01
3.790000000000000e+02	1.024733e+00
3.800000000000000e+02	1.015472e+00
3.810000000000000e+02	9.578067e-01
3.820000000000000e+02	9.972769e-01
3.830000000000000e+02	1.049647e+00
3.840000000000000e+02	1.003210e+00
3.850000000000000e+02	1.039944e+00
3.860000000000000e+02	1.027290e+00
3.870000000000000e+02	9.703760e-01
3.880000000000000e+02	1.040711e+00
3.890000000000000e+02	9.874812e-01
3.900000000000000e+02	1.034809e+00
3.910000000000000e+02	9.826699e-01
3.920000000000000e+02	9.826736e-01
3.930000000000000e+02	1.015921e+00
3.940000000000000e+02	1.008677e+00
3.950000000000000e+02	9.548983e-01
3.960000000000000e+02	1.026997e+00
3.970000000000000e+02	9.991752e-01
3.980000000000000e+02	9.988184e-01
3.990000000000000e+02	9.929127e-01
4.000000000000000e+02	9.894727e-01
4.010000000000000e+02	1.027645e+00
4.020000000000000e+02	1.047475e+00
4.030000000000000e+02	1.024850e+00
4.040000000000000e+02	1.013450e+00
4.050000000000000e+02	9.572181e-01
4.060000000000000e+02	1.013336e+00
4.070000000000000e+02	1.002892e+00
4.080000000000000e+02	9.796168e-01
4.090000000000000e+02	9.825328e-01
4.100000000000000e+02	1.013112e+00
4.110000000000000e+02	1.049451e+00
4.120000000000000e+02	1.001605e+00
4.130000000000000e+02	1.022445e+00
4.140000000000000e+02	9.745575e-01
4.150000000000000e+02	9.832339e-01
4.160000000000000e+02	1.024861e+00
4.170000000000000e+02	1.018297e+00
4.180000000000000e+02	1.018127e+00
4.190000000000000e+02	9.578843e-01
4.200000000000000e+02	9.958937e-01
4.210000000000000e+02	1.019815e+00
4.220000000000000e+02	9.567885e-01
4.230000000000000e+02	9.569140e-01
4.240000000000000e+02	1.002704e+00
4.250000000000000e+02	9.762049e-01
4.260000000000000e+02	9.983375e-01
4.270000000000000e+02	9.630805e-01
4.280000000000000e+02	9.594441e-01
4.290000000000000e+02	9.620382e-01
4.300000000000000e+02	1.046984e+00
4.310000000000000e+02	1.025628e+00
4.320000000000000e+02	9.768177e-01
4.330000000000000e+02	1.022491e+00
4.340000000000000e+02	9.915763e-01
4.350000000000000e+02	9.974719e-01
4.360000000000000e+02	9.555441e-01
4.370000000000000e+02	1.011374e+00
4.380000000000000e+02	9.990619e-01
4.390000000000000e+02	1.040447e+00
4.400000000000000e+02	1.043521e+00
4.410000000000000e+02	1.041828e+00
4.420000000000000e+02	9.803825e-01
4.430000000000000e+02	1.029010e+00
4.440000000000000e+02	9.726228e-01
4.450000000000000e+02	9.948952e-01
4.460000000000000e+02	1.001011e+00
4.470000000000000e+02	9.730632e-01
4.480000000000000e+02	1.021188e+00
4.490000000000000e+02	1.048445e+00
4.500000000000000e+02	1.015521e+00
4.510000000000000e+02	9.772667e-01
4.520000000000000e+02	9.969016e-01
4.530000000000000e+02	9.503001e-01
4.540000000000000e+02	9.946424e-01
4.550000000000000e+02	1.047094e+00
4.560000000000000e+02	9.804664e-01
4.570000000000000e+02	9.715109e-01
4.580000000000000e+02	9.747585e-01
4.590000000000000e+02	1.030645e+00
4.600000000000000e+02	9.986371e-01
4.610000000000000e+02	9.907502e-01
4.620000000000000e+02	9.715629e-01
4.630000000000000e+02	1.004025e+00
4.640000000000000e+02	1.022302e+00
4.650000000000000e+02	9.783694e-01
4.660000000000000e+02	1.004286e+00
4.670000000000000e+02	1.025592e+00
4.680000000000000e+02	9.831977e-01
4.690000000000000e+02	1.030176e+00
4.700000000000000e+02	1.035707e+00
4.710000000000000e+02	9.514892e-01
4.720000000000000e+02	1.038494e+00
4.730000000000000e+02	1.009309e+00
4.740000000000000e+02	9.586217e-01
4.750000000000000e+02	1.042488e+00
4.760000000000000e+02	1.041372e+00
4.770000000000000e+02	1.048076e+00
4.780000000000000e+02	1.040002e+00
4.790000000000000e+02	1.044971e+00
4.800000000000000e+02	1.043452e+00
4.810000000000000e+02	9.508324e-01
4.820000000000000e+02	1.027779e+00
4.830000000000000e+02	9.525959e-01
4.840000000000000e+02	1.008788e+00
4.850000000000000e+02	1.014978e+00
4.860000000000000e+02	9.828237e-01
4.870000000000000e+02	9.611079e-01
4.880000000000000e+02	9.624273e-01
4.890000000000000e+02	1.047392e+00
4.900000000000000e+02	1.003323e+00
4.910000000000000e+02	1.016230e+00
4.920000000000000e+02	1.020826e+00
4.930000000000000e+02	9.568738e-01
4.940000000000000e+02	9.705955e-01
4.950000000000000e+02	9.933430e-01
4.960000000000000e+02	9.511192e-01
4.970000000000000e+02	9.569262e-01
4.980000000000000e+02	9.843062e-01
4.990000000000000e+02	9.812230e-01
5.000000000000000e+02	1.049274e+00
5.010000000000000e+02	9.769064e-01
5.020000000000000e+02	1.035707e+00
5.030000000000000e+02	9.855611e-01
5.040000000000000e+02	1.024677e+00
5.050000000000000e+02	1.034486e+00
5.060000000000000e+02	9.717138e-01
5.070000000000000e+02	1.046495e+00
5.080000000000000e+02	1.021219e+00
5.090000000000000e+02	1.048267e+00
5.100000000000000e+02	1.025990e+00
5.110000000000000e+02	9.693260e-01
5.120000000000000e+02	9.852589e-01
5.130000000000000e+02	9.696301e-01
5.140000000000000e+02	1.033207e+00
5.150000000000000e+02	1.045259e+00
5.160000000000000e+02	1.026737e+00
5.170000000000000e+02	1.036197e+00
5.180000000000000e+02	9.955664e-01
5.190000000000000e+02	9.832684e-01
5.200000000000000e+02	1.033826e+00
5.210000000000000e+02	1.005431e+00
5.220000000000000e+02	9.620866e-01
5.230000000000000e+02	9.712183e-01
5.240000000000000e+02	9.991239e-01
5.250000000000000e+02	9.909655e-01
5.260000000000000e+02	1.025951e+00
5.270000000000000e+02	9.857064e-01
5.280000000000000e+02	1.027179e+00
5.290000000000000e+02	1.048154e+00
5.300000000000000e+02	1.034616e+00
5.310000000000000e+02	1.033462e+00
5.320000000000000e+02	9.867194e-01
5.330000000000000e+02	9.550626e-01
5.340000000000000e+02	1.047556e+00
5.350000000000000e+02	1.034259e+00
5.360000000000000e+02	1.036946e+00
5.370000000000000e+02	9.575499e-01
5.380000000000000e+02	9.532376e-01
5.390000000000000e+02	1.011393e+00
5.400000000000000e+02	1.023568e+00
5.410000000000000e+02	1.011553e+00
5.420000000000000e+02	1.016263e+00
5.430000000000000e+02	1.045126e+00
5.440000000000000e+02	9.765887e-01
5.450000000000000e+02	1.041939e+00
5.460000000000000e+02	9.618397e-01
5.470000000000000e+02	9.813066e-01
5.480000000000000e+02	1.037212e+00
5.490000000000000e+02	9.733644e-01
5.500000000000000e+02	1.030806e+00
5.510000000000000e+02	1.005653e+00
5.520000000000000e+02	1.044359e+00
5.530000000000000e+02	1.000370e+00
5.540000000000000e+02	1.016642e+00
5.550000000000000e+02	9.652966e-01
5.560000000000000e+02	1.047323e+00
5.570000000000000e+02	1.013377e+00
5.580000000000000e+02	9.678650e-01
5.590000000000000e+02	9.574143e-01
5.600000000000000e+02	9.994975e-01
5.610000000000000e+02	1.028598e+00
5.620000000000000e+02	9.964679e-01
5.630000000000000e+02	1.038303e+00
5.640000000000000e+02	1.014737e+00
5.650000000000000e+02	1.040324e+00
5.660000000000000e+02	9.505973e-01
5.670000000000000e+02	1.019356e+00
5.680000000000000e+02	1.008509e+00
5.690000000000000e+02	9.605361e-01
5.700000000000000e+02	1.049032e+00
5.710000000000000e+02	9.729992e-01
5.720000000000000e+02	9.832908e-01
5.730000000000000e+02	1.018938e+00
5.740000000000000e+02	1.046142e+00
5.750000000000000e+02	9.726599e-01
5.760000000000000e+02	1.042424e+00
5.770000000000000e+02	1.037625e+00
5.780000000000000e+02	9.931744e-01
5.790000000000000e+02	9.970887e-01
5.800000000000000e+02	1.006210e+00
5.810000000000000e+02	1.033762e+00
5.820000000000000e+02	9.648309e-01
5.830000000000000e+02	1.013928e+00
5.840000000000000e+02	1.049559e+00
5.850000000000000e+02	1.013939e+00
5.860000000000000e+02	9.939519e-01
5.870000000000000e+02	9.528388e-01
5.880000000000000e+02	9.583151e-01
5.890000000000000e+02	1.003037e+00
5.900000000000000e+02	1.028200e+00
5.910000000000000e+02	1.023664e+00
5.920000000000000e+02	9.690161e-01
5.930000000000000e+02	9.761827e-01
5.940000000000000e+02	9.952245e-01
5.950000000000000e+02	9.960027e-01
5.960000000000000e+02	1.017364e+00
5.970000000000000e+02	9.676953e-01
5.980000000000000e+02	9.687831e-01
5.990000000000000e+02	9.596487e-01
6.000000000000000e+02	9.823875e-01
6.010000000000000e+02	9.670327e-01
6.020000000000000e+02	9.524734e-01
6.030000000000000e+02	1.033064e+00
6.040000000000000e+02	9.744828e-01
6.050000000000000e+02	9.642035e-01
6.060000000000000e+02	9.655442e-01
6.070000000000000e+02	9.803011e-01
6.080000000000000e+02	9.533572e-01
6.090000000000000e+02	9.909289e-01
6.100000000000000e+02	1.028312e+00
6.110000000000000e+02	9.943372e-01
6.120000000000000e+02	9.517488e-01
6.130000000000000e+02	9.785784e-01
6.140000000000000e+02	1.045140e+00
6.150000000000000e+02	9.671315e-01
6.160000000000000e+02	9.594150e-01
6.170000000000000e+02	9.773912e-01
6.180000000000000e+02	9.701364e-01
6.190000000000000e+02	1.025312e+00
6.200000000000000e+02	1.030088e+00
6.210000000000000e+02	1.008608e+00
6.220000000000000e+02	9.996995e-01
6.230000000000000e+02	1.009097e+00
6.240000000000000e+02	1.006879e+00
6.250000000000000e+02	9.685098e-01
6.260000000000000e+02	1.040166e+00
6.270000000000000e+02	9.524462e-01
6.280000000000000e+02	9.764376e-01
6.290000000000000e+02	1.028252e+00
6.300000000000000e+02	1.009970e+00
6.310000000000000e+02	1.005622e+00
6.320000000000000e+02	9.596533e-01
6.330000000000000e+02	1.042679e+00
6.340000000000000e+02	9.898391e-01
6.350000000000000e+02	9.539903e-01
6.360000000000000e+02	1.008512e+00
6.370000000000000e+02	9.913215e-01
6.380000000000000e+02	9.629533e-01
6.390000000000000e+02	1.010894e+00
6.400000000000000e+02	9.555407e-01
6.410000000000000e+02	1.034830e+00
6.420000000000000e+02	9.952064e-01
6.430000000000000e+02	9.985014e-01
6.440000000000000e+02	9.567447e-01
6.450000000000000e+02	9.721006e-01
6.460000000000000e+02	1.014436e+00
6.470000000000000e+02	1.047583e+00
6.480000000000000e+02	1.044934e+00
6.490000000000000e+02	1.023647e+00
6.500000000000000e+02	9.920853e-01
6.510000000000000e+02	1.018573e+00
6.520000000000000e+02	1.018622e+00
6.530000000000000e+02	9.731266e-01
6.540000000000000e+02	1.049477e+00
6.550000000000000e+02	9.935593e-01
6.560000000000000e+02	1.024379e+00
6.570000000000000e+02	9.838051e-01
6.580000000000000e+02	9.862916e-01
6.590000000000000e+02	1.048988e+00
6.600000000000000e+02	1.022508e+00
6.610000000000000e+02	1.033751e+00
6.620000000000000e+02	9.898036e-01
6.630000000000000e+02	1.035170e+00
6.640000000000000e+02	9.671603e-01
6.650000000000000e+02	1.044739e+00
6.660000000000000e+02	9.850897e-01
6.670000000000000e+02	9.884878e-01
6.680000000000000e+02	9.899730e-01
6.690000000000000e+02	1.021837e+00
6.700000000000000e+02	1.033592e+00
6.710000000000000e+02	1.045087e+00
6.720000000000000e+02	9.563981e-01
6.730000000000000e+02	1.016453e+00
6.740000000000000e+02	9.676312e-01
6.750000000000000e+02	9.870958e-01
6.760000000000000e+02	9.668400e-01
6.770000000000000e+02	9.613203e-01
6.780000000000000e+02	9.652573e-01
6.790000000000000e+02	9.895517e-01
6.800000000000000e+02	9.896475e-01
6.810000000000000e+02	9.527965e-01
6.820000000000000e+02	9.950032e-01
6.830000000000000e+02	9.598544e-01
6.840000000000000e+02	1.041602e+00
6.850000000000000e+02	9.966317e-01
6.860000000000000e+02	1.024913e+00
6.870000000000000e+02	1.022933e+00
6.880000000000000e+02	1.023631e+00
6.890000000000000e+02	1.015655e+00
6.900000000000000e+02	9.715803e-01
6.910000000000000e+02	9.551493e-01
6.920000000000000e+02	9.558699e-01
6.930000000000000e+02	9.921407e-01
6.940000000000000e+02	1.031041e+00
6.950000000000000e+02	9.816819e-01
6.960000000000000e+02	1.038409e+00
6.970000000000000e+02	9.909108e-01
6.980000000000000e+02	9.701567e-01
6.990000000000000e+02	9.525500e-01
7.000000000000000e+02	9.566441e-01
7.010000000000000e+02	1.017640e+00
7.020000000000000e+02	9.581075e-01
7.030000000000000e+02	9.829412e-01
7.040000000000000e+02	9.869580e-01
7.050000000000000e+02	1.029686e+00
7.060000000000000e+02	9.676485e-01
7.070000000000000e+02	9.592711e-01
7.080000000000000e+02	9.559615e-01
7.090000000000000e+02	9.786907e-01
7.100000000000000e+02	1.021599e+00
7.110000000000000e+02	9.993542e-01
7.120000000000000e+02	1.040512e+00
7.130000000000000e+02	9.904553e-01
7.140000000000000e+02	9.567376e-01
7.150000000000000e+02	9.875025e-01
7.160000000000000e+02	1.034858e+00
7.170000000000000e+02	9.864708e-01
7.180000000000000e+02	9.642611e-01
7.190000000000000e+02	9.921700e-01
7.200000000000000e+02	1.036896e+00
7.210000000000000e+02	1.049704e+00
7.220000000000000e+02	1.003369e+00
7.230000000000000e+02	9.894567e-01
7.240000000000000e+02	9.832267e-01
7.250000000000000e+02	9.543032e-01
7.260000000000000e+02	1.035652e+00
7.270000000000000e+02	9.680693e-01
7.280000000000000e+02	9.833316e-01
7.290000000000000e+02	9.931364e-01
7.300000000000000e+02	9.827461e-01
7.310000000000000e+02	9.752590e-01
7.320000000000000e+02	9.631565e-01
7.330000000000000e+02	9.590521e-01
7.340000000000000e+02	1.045214e+00
7.350000000000000e+02	9.779544e-01
7.360000000000000e+02	1.007816e+00
7.370000000000000e+02	9.853010e-01
7.380000000000000e+02	9.816962e-01
7.390000000000000e+02	1.027674e+00
7.400000000000000e+02	9.870179e-01
7.410000000000000e+02	9.691486e-01
7.420000000000000e+02	9.511024e-01
7.430000000000000e+02	9.892275e-01
7.440000000000000e+02	1.040667e+00
7.450000000000000e+02	1.048728e+00
7.460000000000000e+02	1.020892e+00
7.470000000000000e+02	1.013795e+00
7.480000000000000e+02	1.012105e+00
7.490000000000000e+02	1.042509e+00
7.500000000000000e+02	1.038075e+00
7.510000000000000e+02	9.519452e-01
7.520000000000000e+02	1.022040e+00
7.530000000000000e+02	1.009108e+00
7.540000000000000e+02	9.556511e-01
7.550000000000000e+02	1.013878e+00
7.560000000000000e+02	9.796472e-01
7.570000000000000e+02	9.964560e-01
7.580000000000000e+02	1.044793e+00
7.590000000000000e+02	1.005193e+00
7.600000000000000e+02	1.000341e+00
7.610000000000000e+02	9.633337e-01
7.620000000000000e+02	1.021313e+00
7.630000000000000e+02	1.042510e+00
7.640000000000000e+02	1.040355e+00
7.650000000000000e+02	1.013629e+00
7.660000000000000e+02	9.841969e-01
7.670000000000000e+02	1.016365e+00
7.680000000000000e+02	1.015961e+00
7.690000000000000e+02	9.770438e-01
7.700000000000000e+02	1.014228e+00
7.710000000000000e+02	9.929254e-01
7.720000000000000e+02	1.030221e+00
7.730000000000000e+02	9.832184e-01
7.740000000000000e+02	1.021051e+00
7.750000000000000e+02	1.015428e+00
7.760000000000000e+02	9.740655e-01
7.770000000000000e+02	1.041912e+00
7.780000000000000e+02	1.010384e+00
7.790000000000000e+02	9.883245e-01
7.800000000000000e+02	1.028013e+00
7.810000000000000e+02	9.995005e-01
7.820000000000000e+02	1.038506e+00
7.830000000000000e+02	9.897988e-01
7.840000000000000e+02	9.777938e-01
7.850000000000000e+02	9.742526e-01
7.860000000000000e+02	9.501491e-01
7.870000000000000e+02	9.894987e-01
7.880000000000000e+02	9.701998e-01
7.890000000000000e+02	1.027207e+00
7.900000000000000e+02	1.010846e+00
7.910000000000000e+02	1.027906e+00
7.920000000000000e+02	9.999392e-01
7.930000000000000e+02	9.884511e-01
7.940000000000000e+02	1.033073e+00
7.950000000000000e+02	9.627957e-01
7.960000000000000e+02	9.749665e-01
7.970000000000000e+02	1.000315e+00
7.980000000000000e+02	9.628211e-01
7.990000000000000e+02	1.047869e+00
8.000000000000000e+02	1.022687e+00
8.010000000000000e+02	9.723399e-01
8.020000000000000e+02	1.018258e+00
8.030000000000000e+02	9.948708e-01
8.040000000000000e+02	1.017206e+00
8.050000000000000e+02	1.040937e+00
8.060000000000000e+02	1.033876e+00
8.070000000000000e+02	9.711890e-01
8.080000000000000e+02	1.045107e+00
8.090000000000000e+02	1.037789e+00
8.100000000000000e+02	1.020907e+00
8.110000000000000e+02	1.047071e+00
8.120000000000000e+02	9.922909e-01
8.130000000000000e+02	1.033728e+00
8.140000000000000e+02	9.593319e-01
8.150000000000000e+02	1.017343e+00
8.160000000000000e+02	9.598371e-01
8.170000000000000e+02	1.019749e+00
8.180000000000000e+02	9.715951e-01
8.190000000000000e+02	1.027783e+00
8.200000000000000e+02	9.580737e-01
8.210000000000000e+02	9.905301e-01
8.220000000000000e+02	9.707490e-01
8.230000000000000e+02	9.585032e-01
8.240000000000000e+02	1.001918e+00
8.250000000000000e+02	1.047849e+00
8.260000000000000e+02	9.666090e-01
8.270000000000000e+02	1.041847e+00
8.280000000000000e+02	9.804752e-01
8.290000000000000e+02	1.008089e+00
8.300000000000000e+02	1.034388e+00
8.310000000000000e+02	9.888072e-01
8.320000000000000e+02	9.506013e-01
8.330000000000000e+02	9.509920e-01
8.340000000000000e+02	9.698373e-01
8.350000000000000e+02	9.893382e-01
8.360000000000000e+02	9.696521e-01
8.370000000000000e+02	1.033526e+00
8.380000000000000e+02	1.027974e+00
8.390000000000000e+02	9.577203e-01
8.400000000000000e+02	9.791420e-01
8.410000000000000e+02	9.775480e-01
8.420000000000000e+02	1.012171e+00
8.430000000000000e+02	1.042117e+00
8.440000000000000e+02	9.725418e-01
8.450000000000000e+02	9.784796e-01
8.460000000000000e+02	9.584634e-01
8.470000000000000e+02	9.827797e-01
8.480000000000000e+02	9.552099e-01
8.490000000000000e+02	1.011088e+00
8.500000000000000e+02	1.004457e+00
8.510000000000000e+02	9.847904e-01
8.520000000000000e+02	1.002697e+00
8.530000000000000e+02	1.049986e+00
8.540000000000000e+02	1.035525e+00
8.550000000000000e+02	1.040296e+00
8.560000000000000e+02	9.628806e-01
8.570000000000000e+02	1.011582e+00
8.580000000000000e+02	1.033034e+00
8.590000000000000e+02	1.048783e+00
8.600000000000000e+02	1.014562e+00
8.610000000000000e+02	1.025033e+00
8.620000000000000e+02	1.025737e+00
8.630000000000000e+02	1.016664e+00
8.640000000000000e+02	1.004003e+00
8.650000000000000e+02	1.023026e+00
8.660000000000000e+02	1.027974e+00
8.670000000000000e+02	9.988647e-01
8.680000000000000e+02	1.009376e+00
8.690000000000000e+02	1.046717e+00
8.700000000000000e+02	9.578378e-01
8.710000000000000e+02	9.535169e-01
8.720000000000000e+02	9.872211e-01
8.730000000000000e+02	9.577913e-01
8.740000000000000e+02	1.028419e+00
8.750000000000000e+02	9.977120e-01
8.760000000000000e+02	9.940652e-01
8.770000000000000e+02	9.781793e-01
8.780000000000000e+02	1.001680e+00
8.790000000000000e+02	9.867861e-01
8.800000000000000e+02	9.617891e-01
8.810000000000000e+02	1.009863e+00
8.820000000000000e+02	9.516582e-01
8.830000000000000e+02	9.967777e-01
8.840000000000000e+02	9.606508e-01
8.850000000000000e+02	9.838729e-01
8.860000000000000e+02	9.586892e-01
8.870000000000000e+02	9.705158e-01
8.880000000000000e+02	1.001778e+00
8.890000000000000e+02	9.976779e-01
8.900000000000000e+02	9.535190e-01
8.910000000000000e+02	1.035314e+00
8.920000000000000e+02	1.045061e+00
8.930000000000000e+02	1.035294e+00
8.940000000000000e+02	1.048030e+00
8.950000000000000e+02	1.036231e+00
8.960000000000000e+02	1.032131e+00
8.970000000000000e+02	1.041862e+00
8.980000000000000e+02	1.009823e+00
8.990000000000000e+02	1.032677e+00
9.000000000000000e+02	1.003761e+00
9.010000000000000e+02	1.041314e+00
9.020000000000000e+02	9.667782e-01
9.030000000000000e+02	9.518889e-01
9.040000000000000e+02	1.035650e+00
9.050000000000000e+02	1.034138e+00
9.060000000000000e+02	1.028819e+00
9.070000000000000e+02	1.022952e+00
9.080000000000000e+02	1.023455e+00
9.090000000000000e+02	1.008646e+00
9.100000000000000e+02	1.006323e+00
9.110000000000000e+02	1.042423e+00
9.120000000000000e+02	1.010524e+00
9.130000000000000e+02	9.601322e-01
9.140000000000000e+02	1.011901e+00
9.150000000000000e+02	1.023382e+00
9.160000000000000e+02	9.790964e-01
9.170000000000000e+02	9.818625e-01
9.180000000000000e+02	1.007389e+00
9.190000000000000e+02	1.014126e+00
9.200000000000000e+02	9.555421e-01
9.210000000000000e+02	1.047992e+00
9.220000000000000e+02	1.029252e+00
9.230000000000000e+02	1.013918e+00
9.240000000000000e+02	9.824327e-01
9.250000000000000e+02	1.047268e+00
9.260000000000000e+02	1.000523e+00
9.270000000000000e+02	1.042144e+00
9.280000000000000e+02	1.006961e+00
9.290000000000000e+02	9.946347e-01
9.300000000000000e+02	1.046447e+00
9.310000000000000e+02	9.620197e-01
9.320000000000000e+02	1.048492e+00
9.330000000000000e+02	9.729970e-01
9.340000000000000e+02	1.009700e+00
9.350000000000000e+02	1.007035e+00
9.360000000000000e+02	1.026464e+00
9.370000000000000e+02	9.912183e-01
9.380000000000000e+02	9.555885e-01
9.390000000000000e+02	1.000600e+00
9.400000000000000e+02	9.672042e-01
9.410000000000000e+02	1.002903e+00
9.420000000000000e+02	1.003452e+00
9.430000000000000e+02	1.018268e+00
9.440000000000000e+02	9.972427e-01
9.450000000000000e+02	9.830815e-01
9.460000000000000e+02	9.874515e-01
9.470000000000000e+02	9.637926e-01
9.480000000000000e+02	1.022939e+00
9.490000000000000e+02	9.829299e-01
9.500000000000000e+02	1.016051e+00
9.510000000000000e+02	9.563743e-01
9.520000000000000e+02	1.040739e+00
9.530000000000000e+02	9.604658e-01
9.540000000000000e+02	9.599251e-01
9.550000000000000e+02	9.892520e-01
9.560000000000000e+02	1.016567e+00
9.570000000000000e+02	9.995598e-01
9.580000000000000e+02	9.962392e-01
9.590000000000000e+02	9.711286e-01
9.600000000000000e+02	9.909503e-01
9.610000000000000e+02	9.607725e-01
9.620000000000000e+02	9.989321e-01
9.630000000000000e+02	9.611823e-01
9.640000000000000e+02	9.858599e-01
9.650000000000000e+02	9.790663e-01
9.660000000000000e+02	9.827803e-01
9.670000000000000e+02	9.759029e-01
9.680000000000000e+02	1.004521e+00
9.690000000000000e+02	9.569632e-01
9.700000000000000e+02	9.517341e-01
9.710000000000000e+02	9.634919e-01
9.720000000000000e+02	1.039654e+00
9.730000000000000e+02	1.024232e+00
9.740000000000000e+02	1.010366e+00
9.750000000000000e+02	1.045289e+00
9.760000000000000e+02	1.041416e+00
9.770000000000000e+02	9.742352e-01
9.780000000000000e+02	1.040207e+00
9.790000000000000e+02	9.943134e-01
9.800000000000000e+02	1.006268e+00
9.810000000000000e+02	9.851137e-01
9.820000000000000e+02	9.536678e-01
9.830000000000000e+02	1.006378e+00
9.840000000000000e+02	9.847189e-01
9.850000000000000e+02	1.027172e+00
9.860000000000000e+02	1.013019e+00
9.870000000000000e+02	1.039261e+00
9.880000000000000e+02	1.036199e+00
9.890000000000000e+02	9.837612e-01
9.900000000000000e+02	1.016378e+00
9.910000000000000e+02	1.018436e+00
9.920000000000000e+02	9.900081e-01
9.930000000000000e+02	9.518392e-01
9.940000000000000e+02	9.504086e-01
9.950000000000000e+02	9.890298e-01
9.960000000000000e+02	1.049994e+00
9.970000000000000e+02	9.700065e-01
9.980000000000000e+02	1.012804e+00
9.990000000000000e+02	1.041948e+00
